# oST version 5.0 parameters


[image]

width
1920

height
1080

[narrow_stereo/left]

camera matrix
1416.993866 0.000000 965.298132
0.000000 1417.367812 552.991201
0.000000 0.000000 1.000000

distortion
0.061656 -0.058451 0.002427 0.000984 0.000000

rectification
0.999920 -0.009998 0.007796
0.009751 0.999469 0.031075
-0.008103 -0.030996 0.999487

projection
1613.548697 0.000000 973.043869 0.000000
0.000000 1613.548697 557.919144 0.000000
0.000000 0.000000 1.000000 0.000000
# oST version 5.0 parameters


[image]

width
1920

height
1080

[narrow_stereo/right]

camera matrix
1417.853884 0.000000 963.042346
0.000000 1420.214499 556.541031
0.000000 0.000000 1.000000

distortion
0.051326 -0.063154 0.002684 0.002918 0.000000

rectification
0.999915 -0.003749 -0.012462
0.003360 0.999512 -0.031058
0.012572 0.031013 0.999440

projection
1613.548697 0.000000 973.043869 125.710806
0.000000 1613.548697 557.919144 0.000000
0.000000 0.000000 1.000000 0.000000
